RESULTS REPORT
Model: RoBERTa
Encoder: roberta-base
Evaluation: test set (4 random seeds)
Train scheme: fine-tuning
Max sequence length: 512
Min context length: 350
Batch size: 4
Dropout rate: 0.1
Learning rate: 1e-05
Adam Epsilon: 1e-08
Use MLP: False
Weight decay: 0.001
Train time: 01h08m36s
GPU name: NVIDIA GeForce RTX 3090
GPU memory: 23.69

Averages:
Epoch Train loss   std    Test loss   std    P (micro) P std  R (micro) R std  F1 (micro) F1 std P (weighted) P std  R (weighted) R std  F1 (weighted) F1 std
  1    1.013481  0.015923  0.716031 0.066467   0.7760  0.0189   0.7760  0.0189   0.7760   0.0189    0.7745    0.0144    0.7760    0.0189     0.7637    0.0222
  2    0.751531  0.013932  0.699079 0.018773   0.7891  0.0105   0.7891  0.0105   0.7891   0.0105    0.7794    0.0188    0.7891    0.0105     0.7654    0.0158
  3    0.686494  0.014287  0.666702 0.007181   0.8016  0.0036   0.8016  0.0036   0.8016   0.0036    0.7914    0.0038    0.8016    0.0036     0.7882    0.0054
  4    0.626581  0.009766  0.639603 0.001918   0.8029  0.0027   0.8029  0.0027   0.8029   0.0027    0.7907    0.0035    0.8029    0.0027     0.7919    0.0027

*** Detailed report ***

Confusion matrices
------------------
ANALYSIS: 0 
ARG_PETITIONER: 1 
ARG_RESPONDENT: 2 
FAC: 3 
ISSUE: 4 
NONE: 5 
PREAMBLE: 6 
PRE_NOT_RELIED: 7 
PRE_RELIED: 8 
RATIO: 9 
RLC: 10 
RPC: 11 
STA: 12 
=> Iteration 0:
Epoch 1:
[[884  47   0   9   4   2   0   0  14  21   3   2   0]
 [ 23  39   0   2   1   0   0   0   3   0   2   0   0]
 [  5  31   0   2   0   0   0   0   0   0   0   0   0]
 [ 90  35   0 415   8   5   0   0   0   1  24   0   3]
 [  6   1   0   9  34   0   0   0   0   0   1   0   0]
 [  4   3   0   1   2 170   2   0   3   0   2   5   0]
 [  0   0   0   1   0   6 500   0   0   0   2   0   0]
 [ 10   1   0   0   0   0   0   0   0   1   0   0   0]
 [ 67   8   0   1   0   0   0   0  54   3   7   2   0]
 [ 29   0   0   0   0   0   0   0   0  31   0  12   0]
 [ 33   9   0  34   1   0   0   0   3   0  36   0   0]
 [  0   0   0   0   0   0   0   0   0   3   0  89   0]
 [ 16   3   0   1   0   0   0   0   1   1   0   1   6]]
Epoch 2:
[[955   7   1  11   0   0   1   0   9   1   0   1   0]
 [ 47   7  10   3   1   0   0   0   1   0   0   0   1]
 [ 17  12   7   2   0   0   0   0   0   0   0   0   0]
 [103   1   1 457   5   1   0   0   0   0  11   0   2]
 [  7   0   0   8  36   0   0   0   0   0   0   0   0]
 [ 11   0   0  23   2 147   0   0   2   1   0   6   0]
 [  2   0   0  11   0   4 492   0   0   0   0   0   0]
 [ 11   1   0   0   0   0   0   0   0   0   0   0   0]
 [ 79   1   0   5   0   0   0   0  56   1   0   0   0]
 [ 49   0   0   0   0   0   0   0   0  22   0   1   0]
 [ 45   0   0  60   0   0   0   0   3   0   8   0   0]
 [  1   0   0   0   0   0   0   0   0  20   0  71   0]
 [ 18   0   0   1   0   0   0   0   0   0   0   1   9]]
Epoch 3:
[[918   9   2  21   1   4   0   0  19  10   0   1   1]
 [ 39  15   3   2   2   1   0   0   7   0   0   0   1]
 [ 13  12  10   3   0   0   0   0   0   0   0   0   0]
 [ 91   2   0 462   5   4   0   0   0   1  12   1   3]
 [  9   0   0   5  34   3   0   0   0   0   0   0   0]
 [  6   0   0   1   2 178   0   0   3   0   0   2   0]
 [  0   0   0   6   0   8 495   0   0   0   0   0   0]
 [  7   1   0   0   0   0   0   0   4   0   0   0   0]
 [ 59   0   0   7   0   0   0   0  75   1   0   0   0]
 [ 37   0   0   0   0   0   0   0   0  29   0   6   0]
 [ 34   0   0  52   0   1   0   0  13   0  16   0   0]
 [  0   0   0   0   0   1   0   0   0  10   0  81   0]
 [ 13   0   0   1   0   0   0   0   0   1   0   1  13]]
Epoch 4:
[[867  19   2  40   3   9   0   0  25  11   2   2   6]
 [ 31  19   3   6   2   1   0   0   7   0   0   0   1]
 [ 10  21   4   3   0   0   0   0   0   0   0   0   0]
 [ 62   1   0 486   5   4   0   0   0   2  16   1   4]
 [  6   0   0   7  37   1   0   0   0   0   0   0   0]
 [  4   0   0   5   2 174   2   0   3   0   0   2   0]
 [  0   0   0   4   0   3 502   0   0   0   0   0   0]
 [  5   1   0   0   0   0   0   0   6   0   0   0   0]
 [ 50   2   0   7   0   0   0   0  81   2   0   0   0]
 [ 34   0   0   0   0   0   0   0   0  23   0  15   0]
 [ 25   0   0  50   0   0   0   0   9   0  32   0   0]
 [  0   0   0   0   0   1   0   0   0   4   0  87   0]
 [  9   0   0   1   0   0   0   0   0   1   0   1  17]]
=> Iteration 1:
Epoch 1:
[[818   8   6  51   1   0   1   0  88   8   2   0   3]
 [ 22  20   2  11   2   0   0   0  13   0   0   0   0]
 [  7  22   7   2   0   0   0   0   0   0   0   0   0]
 [ 40   2   5 508   6   0   0   0   3   0  12   0   5]
 [  7   0   0   9  34   0   1   0   0   0   0   0   0]
 [  5   0   0  30   1  58  86   0   5   0   0   7   0]
 [  0   0   0   0   0   0 509   0   0   0   0   0   0]
 [  2   1   0   0   0   0   0   0   9   0   0   0   0]
 [ 26   0   0   4   0   0   0   0 110   1   1   0   0]
 [ 35   0   0   0   0   0   0   0   4  31   0   2   0]
 [ 19   0   0  61   0   0   0   0  19   0  17   0   0]
 [  0   0   0   0   0   0   0   0   0  18   0  74   0]
 [  8   0   0   1   0   0   0   0   3   0   0   1  16]]
Epoch 2:
[[921  12   3   8   4   4   0   0   5  16   0   2  11]
 [ 39  11   8   6   2   1   0   0   2   0   0   0   1]
 [  7  17  12   2   0   0   0   0   0   0   0   0   0]
 [ 88  17   5 447   6   2   0   0   0   0  11   1   4]
 [  5   0   0   9  36   0   0   0   0   0   0   0   1]
 [  6   0   0   7   3 163   0   0   3   0   0  10   0]
 [  1   0   0   8   0   7 493   0   0   0   0   0   0]
 [ 11   1   0   0   0   0   0   0   0   0   0   0   0]
 [ 74   0   0   4   0   0   0   0  60   3   0   0   1]
 [ 31   0   0   0   0   0   0   0   0  33   0   8   0]
 [ 39   0   0  46   0   0   0   0   3   0  28   0   0]
 [  0   0   0   0   0   0   0   0   0   5   0  87   0]
 [  8   0   0   0   0   0   0   0   0   1   0   1  19]]
Epoch 3:
[[884  21   5  31   3   3   0   0  20  10   3   2   4]
 [ 21  26   6   7   2   1   0   0   5   0   1   0   1]
 [  6  23   6   3   0   0   0   0   0   0   0   0   0]
 [ 63  19   0 463   6   3   0   0   0   0  22   1   4]
 [  7   0   0   7  37   0   0   0   0   0   0   0   0]
 [  5   0   0   5   2 174   2   0   3   0   0   1   0]
 [  0   0   0   9   0  12 486   0   0   0   2   0   0]
 [  7   1   0   0   0   0   0   0   4   0   0   0   0]
 [ 55   3   0   6   0   0   0   0  76   1   1   0   0]
 [ 33   0   0   0   0   0   0   0   0  32   0   7   0]
 [ 29   0   0  37   0   0   0   0   6   0  44   0   0]
 [  0   0   0   0   0   2   0   0   0  11   0  79   0]
 [ 11   0   0   1   0   0   0   0   0   0   0   1  16]]
Epoch 4:
[[878  15   3  25   3   5   0   0  24  25   3   1   4]
 [ 31  17   4   6   2   1   0   0   8   0   0   0   1]
 [ 11  20   5   2   0   0   0   0   0   0   0   0   0]
 [ 79  10   0 456   6   3   0   0   0   2  20   1   4]
 [  7   0   0   7  37   0   0   0   0   0   0   0   0]
 [  4   0   0   5   2 174   2   0   3   0   0   2   0]
 [  0   0   0   1   0   3 505   0   0   0   0   0   0]
 [  5   1   0   0   0   0   0   0   5   1   0   0   0]
 [ 56   1   0   7   0   0   0   0  75   3   0   0   0]
 [ 27   0   0   0   0   0   0   0   0  38   0   7   0]
 [ 28   0   0  38   0   0   0   0  10   0  40   0   0]
 [  0   0   0   0   0   0   0   0   0   9   0  83   0]
 [  7   0   0   1   0   0   0   0   0   1   0   1  19]]
=> Iteration 2:
Epoch 1:
[[782  42   0  63   8   2   1   0  28  54   0   0   6]
 [ 20  29   0  14   1   1   0   0   4   0   0   0   1]
 [  4  32   0   2   0   0   0   0   0   0   0   0   0]
 [ 38  10   0 503   8   3   2   0   0   4   8   0   5]
 [  6   0   0   8  36   0   0   0   0   0   1   0   0]
 [  2   0   0   7   3 119  54   0   4   1   0   2   0]
 [  0   0   0   3   0   0 506   0   0   0   0   0   0]
 [ 10   1   0   0   0   0   0   0   0   1   0   0   0]
 [ 50   2   0  11   4   0   0   0  68   5   2   0   0]
 [ 13   0   0   0   0   0   0   0   0  59   0   0   0]
 [ 28   6   0  69   0   1   0   0   6   0   6   0   0]
 [  0   0   0   0   0   0   0   0   0  32   0  60   0]
 [  7   0   0   1   0   0   0   0   1   2   0   0  18]]
Epoch 2:
[[915  16   3  29   1   4   1   0   2  13   1   1   0]
 [ 37  23   2   6   1   1   0   0   0   0   0   0   0]
 [ 12  22   2   2   0   0   0   0   0   0   0   0   0]
 [ 81  13   0 464   5   4   1   0   0   1  12   0   0]
 [  8   0   0   9  34   0   0   0   0   0   0   0   0]
 [  8   0   0   6   0 145  29   0   3   0   0   1   0]
 [  0   0   0   0   0   0 509   0   0   0   0   0   0]
 [ 11   1   0   0   0   0   0   0   0   0   0   0   0]
 [106   0   0   5   0   0   0   0  24   4   2   1   0]
 [ 31   0   0   1   0   1   0   0   0  31   0   8   0]
 [ 37   0   0  60   0   0   0   0   3   0  16   0   0]
 [  0   0   0   0   0  13   0   0   0   5   0  74   0]
 [ 27   0   0   1   0   0   0   0   0   0   0   1   0]]
Epoch 3:
[[844  43   0  50   4   4   2   0  15  22   0   1   1]
 [ 15  35   0  10   2   1   0   0   6   0   0   0   1]
 [  2  33   0   3   0   0   0   0   0   0   0   0   0]
 [ 36  24   0 490   5   4   0   0   0   3  14   1   4]
 [  6   0   0   7  38   0   0   0   0   0   0   0   0]
 [  5   2   0   9   1 166   3   0   4   0   0   2   0]
 [  0   0   0   1   0   8 498   0   0   0   2   0   0]
 [  5   3   0   0   0   0   0   0   3   1   0   0   0]
 [ 57   5   0   9   0   0   0   0  65   5   1   0   0]
 [ 26   1   0   0   0   0   0   0   0  36   0   9   0]
 [ 31   1   0  54   0   0   0   0   4   0  26   0   0]
 [  0   0   0   0   0   1   0   0   0   5   0  86   0]
 [ 12   0   0   1   0   0   0   0   0   0   0   1  15]]
Epoch 4:
[[873  24   0  32   2   3   1   0  24  22   1   2   2]
 [ 32  20   0   6   2   1   0   0   8   0   0   0   1]
 [ 11  25   0   2   0   0   0   0   0   0   0   0   0]
 [ 76   6   0 464   6   4   0   0   0   3  17   1   4]
 [  7   0   0   8  36   0   0   0   0   0   0   0   0]
 [  6   0   0   4   2 172   1   0   4   0   0   3   0]
 [  0   0   0   0   0   6 503   0   0   0   0   0   0]
 [  5   2   0   0   0   0   0   0   4   1   0   0   0]
 [ 52   0   0   7   0   0   0   0  78   5   0   0   0]
 [ 28   0   0   0   0   0   0   0   0  35   0   9   0]
 [ 27   0   0  45   0   0   0   0  10   0  34   0   0]
 [  0   0   0   0   0   1   0   0   0   6   0  85   0]
 [ 10   0   0   1   0   0   0   0   0   1   0   1  16]]
=> Iteration 3:
Epoch 1:
[[846  12   0  24   2   9   1   0  35  43   9   2   3]
 [ 31  22   0   7   1   0   0   0   5   0   3   0   1]
 [  9  27   0   2   0   0   0   0   0   0   0   0   0]
 [ 69   3   0 476   5   5   1   0   0   1  17   0   4]
 [  6   0   0   7  37   1   0   0   0   0   0   0   0]
 [  5   0   0   2   1 164  11   0   4   0   0   5   0]
 [  0   0   0   3   0   3 501   0   0   0   2   0   0]
 [  5   1   0   0   0   0   0   0   5   1   0   0   0]
 [ 38   0   0   4   0   0   0   0  89   3   6   2   0]
 [ 11   0   0   1   0   0   0   0   1  51   0   8   0]
 [ 27   0   0  45   0   0   0   0   0   0  44   0   0]
 [  0   0   0   0   0   1   0   0   0   7   0  84   0]
 [ 14   0   0   1   0   1   0   0   0   1   0   1  11]]
Epoch 2:
[[873  26   0  42   1   8   0   0  10   3   0   2  21]
 [ 15  32   0  13   2   1   0   0   6   0   0   0   1]
 [  8  28   0   2   0   0   0   0   0   0   0   0   0]
 [ 46   9   0 510   6   4   0   0   0   0   0   1   5]
 [  6   0   0   8  36   1   0   0   0   0   0   0   0]
 [  4   1   0   7   1 169   4   0   4   0   0   2   0]
 [  0   0   0   9   0   5 495   0   0   0   0   0   0]
 [  8   1   0   0   0   0   0   0   3   0   0   0   0]
 [ 63   0   0   9   0   0   0   0  68   1   0   0   1]
 [ 41   0   0   1   0   0   0   0   1  21   0   8   0]
 [ 31   0   0  76   0   0   0   0   8   0   1   0   0]
 [  0   0   0   0   0   1   0   0   0  10   0  81   0]
 [  5   0   0   1   0   0   0   0   0   0   0   1  22]]
Epoch 3:
[[884   9   1  51   1   7   1   0  16  13   0   2   1]
 [ 42  11   1   7   2   1   0   0   5   0   0   0   1]
 [ 13  19   4   2   0   0   0   0   0   0   0   0   0]
 [ 62   4   0 488   5   4   0   0   0   2  11   2   3]
 [  7   0   0   7  37   0   0   0   0   0   0   0   0]
 [  3   0   0   6   1 173   2   0   4   0   0   3   0]
 [  0   0   0   2   0   5 502   0   0   0   0   0   0]
 [  8   1   0   0   0   0   0   0   3   0   0   0   0]
 [ 61   0   0   7   0   0   0   0  73   1   0   0   0]
 [ 32   0   0   0   0   0   0   0   0  32   0   8   0]
 [ 32   0   0  57   0   0   0   0   8   0  19   0   0]
 [  0   0   0   0   0   2   0   0   0   7   0  83   0]
 [ 15   0   0   1   0   0   0   0   0   0   0   1  12]]
Epoch 4:
[[853  24   5  43   4   3   1   0  24  17   1   2   9]
 [ 29  19   3   8   2   1   0   0   7   0   0   0   1]
 [  8  23   5   2   0   0   0   0   0   0   0   0   0]
 [ 52  10   0 483   6   4   0   0   0   2  18   2   4]
 [  7   0   0   6  38   0   0   0   0   0   0   0   0]
 [  4   0   0   5   2 174   2   0   3   0   0   2   0]
 [  0   0   0   6   0   5 498   0   0   0   0   0   0]
 [  7   2   0   0   0   0   0   0   2   1   0   0   0]
 [ 54   4   0   7   0   0   0   0  76   1   0   0   0]
 [ 30   0   1   0   0   0   0   0   0  31   0  10   0]
 [ 28   0   0  49   1   0   0   0   8   0  30   0   0]
 [  0   0   0   0   0   2   0   0   0   7   0  83   0]
 [  6   0   0   1   0   0   0   0   0   1   0   1  20]]

Scores
------
Epoch: 1
             Train loss  Test loss  P (micro)  R (micro)  F1 (micro)  P (weighted)  R (weighted)  F1 (weighted)
Iteration 0    1.040161   0.687977   0.781315   0.781315    0.781315      0.786218      0.781315       0.773945
Iteration 1    1.002711   0.791194   0.761938   0.761938    0.761938      0.767669      0.761938       0.742827
Iteration 2    1.010997   0.763629   0.756401   0.756401    0.756401      0.754189      0.756401       0.742958
Iteration 3    1.000056   0.621325   0.804498   0.804498    0.804498      0.789780      0.804498       0.795238

Epoch: 2
             Train loss  Test loss  P (micro)  R (micro)  F1 (micro)  P (weighted)  R (weighted)  F1 (weighted)
Iteration 0    0.751153   0.720426   0.784429   0.784429    0.784429      0.769140      0.784429       0.758107
Iteration 1    0.751760   0.669545   0.799308   0.799308    0.799308      0.796741      0.799308       0.785671
Iteration 2    0.771305   0.708080   0.774048   0.774048    0.774048      0.753667      0.774048       0.744016
Iteration 3    0.731905   0.698267   0.798616   0.798616    0.798616      0.797969      0.798616       0.773986

Epoch: 3
             Train loss  Test loss  P (micro)  R (micro)  F1 (micro)  P (weighted)  R (weighted)  F1 (weighted)
Iteration 0    0.698015   0.677823   0.804844   0.804844    0.804844      0.790853      0.804844       0.786425
Iteration 1    0.690593   0.664093   0.803806   0.803806    0.803806      0.797558      0.803806       0.797086
Iteration 2    0.695189   0.666893   0.795502   0.795502    0.795502      0.790207      0.795502       0.786495
Iteration 3    0.662177   0.657998   0.802076   0.802076    0.802076      0.786996      0.802076       0.782768

Epoch: 4
             Train loss  Test loss  P (micro)  R (micro)  F1 (micro)  P (weighted)  R (weighted)  F1 (weighted)
Iteration 0    0.630670   0.641649   0.805882   0.805882    0.805882      0.791539      0.805882       0.792514
Iteration 1    0.632051   0.641304   0.805190   0.805190    0.805190      0.795799      0.805190       0.796112
Iteration 2    0.633826   0.637175   0.801384   0.801384    0.801384      0.786186      0.801384       0.789487
Iteration 3    0.609776   0.638286   0.799308   0.799308    0.799308      0.789233      0.799308       0.789601

